ID	Molecule_type	LogP	Aromatic_rings	Molecular_weight	H_bond_acceptors	H_bond_donors	Polar_surface_area	Rotatable_bonds	C	F	I	N	O	P	S	T	X	Y	CC	CF	CI	CN	CO	CP	CS	CT	CX	CY	FT	IT	NN	NO	NP	NS	NT	OP	OS	OT	PS	ST	TX	TY	CCC	CCF	CCI	CCN	CCO	CCS	CCT	CCX	CCY	CFT	CIT	CNC	CNN	CNO	CNP	CNS	CNT	COC	CON	COP	COS	COT	CPO	CSC	CSN	CSO	CSP	CST	CXT	CYT	FCF	NCN	NCO	NCS	NCT	NCX	NNN	NOT	NPN	NPS	NSO	OCO	OCP	OCS	OCT	ONO	OPO	OPS	OSO	POT	PST	SCS	SCT	SNT	SOT	SPS	XCX	CCCC	CCCF	CCCI	CCCN	CCCO	CCCS	CCCT	CCCX	CCCY	CCFT	CCIT	CCNC	CCNN	CCNO	CCNP	CCNS	CCNT	CCOC	CCON	CCOS	CCOT	CCSC	CCSN	CCSO	CCSP	CCST	CCXT	CCYT	CNCN	CNCO	CNCS	CNCT	CNCX	CNNC	CNNN	CNOC	CNOT	CNPN	CNPS	CNSC	CNSO	COCN	COCO	COCP	COCS	COCT	COPC	COPO	COPS	COSC	COSO	CPOT	CSCN	CSCO	CSCS	CSCT	CSNT	CSOT	CSPO	CSPS	FCCF	FCCN	FCCO	FCFT	ICCN	ICCO	ICCT	NCCN	NCCO	NCCS	NCCT	NCCX	NCNN	NCNO	NCNS	NCNT	NCON	NCOT	NCSN	NCSO	NCST	NCXT	NNCO	NNCS	NNCT	NNNN	NOCT	NPST	NSCS	NSCT	NSOT	OCCO	OCCS	OCCT	OCCX	OCNO	OCNS	OCNT	OCOP	OCOT	OCPO	ONOT	OPOT	OPST	OSCS	OSCT	OSNT	OSOT	POCT	SCCT	SCCX	SCNS	SCNT	SCOT	SNCT	SPST	TCCX	TCOT	TXCX	XCCX	double_bonds	triple_bonds	number_of_charges	net_charge	number_of_rings
CHEMBL479	Antipsychotic	5.56	2	370.57	4	0	57.08	4	21	0	0	2	0	0	2	2	0	0	36	0	0	12	0	0	8	4	0	0	0	0	0	0	0	0	0	0	0	0	0	0	0	0	34	0	0	16	0	12	0	0	0	0	0	12	0	0	0	0	0	0	0	0	0	0	0	4	0	0	0	0	0	0	0	0	0	0	2	0	0	0	0	0	0	0	0	0	0	0	0	0	0	0	0	0	2	0	0	0	0	32	0	0	16	0	12	0	0	0	0	0	32	0	0	0	0	0	0	0	0	0	12	0	0	0	0	0	0	0	0	0	4	0	0	0	0	0	0	0	0	0	0	0	0	0	0	0	0	0	0	0	0	0	0	0	2	0	0	0	0	0	0	0	0	0	0	0	0	0	4	0	0	0	0	0	0	0	0	0	0	0	0	0	0	0	0	0	0	0	0	0	0	0	0	0	0	0	0	0	0	0	0	0	0	0	0	0	0	0	0	0	0	0	0	0	0	0	0	0	0	0	0	0	0	4
CHEMBL441	Barbiturate	3.19	0	242.34	4	2	97.32	4	11	0	0	2	2	0	1	6	0	0	18	0	0	8	4	0	2	6	0	0	0	0	0	0	0	0	0	0	0	4	0	2	0	0	24	0	0	4	4	0	6	0	0	0	0	4	0	0	0	0	0	0	0	0	0	4	0	0	0	0	0	2	0	0	0	2	4	4	0	0	0	0	0	0	0	0	0	0	0	0	0	0	0	0	0	0	0	0	0	0	0	24	0	0	12	12	0	8	0	0	0	0	4	0	0	0	0	0	0	0	0	4	0	0	0	0	0	0	0	4	4	4	0	0	0	0	0	0	0	0	0	0	0	0	0	0	0	0	0	0	0	0	0	0	0	0	0	0	0	0	0	0	0	0	0	0	0	0	0	0	0	0	0	0	0	0	0	0	4	0	0	4	0	0	0	0	0	0	0	0	0	0	0	0	0	0	0	0	0	0	0	0	0	0	0	0	0	0	0	0	0	0	0	0	0	0	0	0	0	0	0	3	0	0	0	1
CHEMBL547	Retinoic	5.55	0	300.44	2	1	37.29	5	20	0	0	0	2	0	0	7	0	0	40	0	0	0	4	0	0	10	0	0	0	0	0	0	0	0	0	0	0	4	0	0	0	0	54	0	0	0	4	0	10	0	0	0	0	0	0	0	0	0	0	0	0	0	0	4	0	0	0	0	0	0	0	0	0	0	0	0	0	0	0	0	0	0	0	2	0	0	0	0	0	0	0	0	0	0	0	0	0	0	0	60	0	0	0	4	0	24	0	0	0	0	0	0	0	0	0	0	0	0	0	4	0	0	0	0	0	0	0	0	0	0	0	0	0	0	0	0	0	0	0	0	0	0	0	0	0	0	0	0	0	0	0	0	0	0	0	0	0	0	0	0	0	0	0	0	0	0	0	0	0	0	0	0	0	0	0	0	0	0	0	0	0	0	0	0	0	0	0	0	0	0	0	0	0	0	0	0	0	0	4	0	0	0	0	0	0	0	0	0	0	0	0	0	0	0	0	0	0	0	0	6	0	0	0	1
CHEMBL449	Barbiturate	1.45	0	212.25	3	2	75.27	3	10	0	0	2	3	0	0	6	0	0	16	0	0	8	6	0	0	6	0	0	0	0	0	0	0	0	0	0	0	6	0	0	0	0	22	0	0	4	4	0	6	0	0	0	0	4	0	0	0	0	0	0	0	0	0	6	0	0	0	0	0	0	0	0	0	2	8	0	0	0	0	0	0	0	0	0	0	0	0	0	0	0	0	0	0	0	0	0	0	0	0	22	0	0	12	12	0	8	0	0	0	0	4	0	0	0	0	0	0	0	0	4	0	0	0	0	0	0	0	4	8	0	0	0	0	0	0	0	0	0	0	0	0	0	0	0	0	0	0	0	0	0	0	0	0	0	0	0	0	0	0	0	0	0	0	0	0	0	0	0	0	0	0	0	0	0	0	0	8	0	0	0	0	0	0	0	0	0	0	0	0	0	0	0	0	0	0	0	0	0	0	0	0	0	0	0	0	0	0	0	0	0	0	0	0	0	0	0	0	0	0	3	0	0	0	1
CHEMBL1062	Hormone	3.12	0	330.46	3	1	54.37	1	21	0	0	0	3	0	0	6	0	0	48	0	0	0	6	0	0	6	0	0	0	0	0	0	0	0	0	0	0	6	0	0	0	0	76	0	0	0	14	0	6	0	0	0	0	0	0	0	0	0	0	0	0	0	0	6	0	0	0	0	0	0	0	0	0	0	0	0	0	0	0	0	0	0	0	0	0	0	0	0	0	0	0	0	0	0	0	0	0	0	0	116	0	0	0	18	0	14	0	0	0	0	0	0	0	0	0	0	0	0	0	14	0	0	0	0	0	0	0	0	0	0	0	0	0	0	0	0	0	0	0	0	0	0	0	0	0	0	0	0	0	0	0	0	0	0	0	0	0	0	0	0	0	0	0	0	0	0	0	0	0	0	0	0	0	0	0	0	0	0	0	0	0	0	0	0	0	0	0	0	0	0	2	0	2	0	0	0	0	0	0	0	0	0	0	0	0	0	0	0	0	0	0	0	0	0	0	0	0	0	0	3	0	0	0	4
CHEMBL671	Chemotherapy	-0.76	0	189.22	1	0	50.93	3	6	0	0	3	0	1	1	1	0	0	6	0	0	12	0	0	0	0	0	0	0	0	0	0	6	0	0	0	0	0	2	2	0	0	0	0	0	12	0	0	0	0	0	0	0	6	0	0	12	0	0	0	0	0	0	0	0	0	0	0	0	0	0	0	0	0	0	0	0	0	0	0	6	6	0	0	0	0	0	0	0	0	0	0	2	0	0	0	0	0	0	0	0	0	0	0	0	0	0	0	0	0	12	0	0	12	0	0	0	0	0	0	0	0	0	0	0	0	0	0	0	0	0	0	0	0	0	0	24	12	0	0	0	0	0	0	0	0	0	0	0	0	0	0	0	0	0	0	0	0	0	0	0	0	0	0	0	0	6	0	0	0	0	0	0	0	0	0	0	0	0	0	0	0	0	0	0	0	6	0	0	0	0	0	0	0	0	0	0	0	0	0	0	0	0	0	0	0	0	0	0	0	0	0	0	0	0	0	0	0	0	1	0	0	0	3
CHEMBL448	Barbiturate	1.91	0	226.27	3	2	75.27	4	11	0	0	2	3	0	0	6	0	0	18	0	0	8	6	0	0	6	0	0	0	0	0	0	0	0	0	0	0	6	0	0	0	0	24	0	0	4	4	0	6	0	0	0	0	4	0	0	0	0	0	0	0	0	0	6	0	0	0	0	0	0	0	0	0	2	8	0	0	0	0	0	0	0	0	0	0	0	0	0	0	0	0	0	0	0	0	0	0	0	0	24	0	0	12	12	0	8	0	0	0	0	4	0	0	0	0	0	0	0	0	4	0	0	0	0	0	0	0	4	8	0	0	0	0	0	0	0	0	0	0	0	0	0	0	0	0	0	0	0	0	0	0	0	0	0	0	0	0	0	0	0	0	0	0	0	0	0	0	0	0	0	0	0	0	0	0	0	8	0	0	0	0	0	0	0	0	0	0	0	0	0	0	0	0	0	0	0	0	0	0	0	0	0	0	0	0	0	0	0	0	0	0	0	0	0	0	0	0	0	0	3	0	0	0	1
CHEMBL515	Chemotherapy	3.9	1	304.21	3	1	40.54	9	14	0	0	1	2	0	0	4	2	0	24	0	0	6	4	0	0	0	4	0	0	0	0	0	0	0	0	0	0	4	0	0	4	0	22	0	0	8	4	0	0	4	0	0	0	6	0	0	0	0	0	0	0	0	0	4	0	0	0	0	0	0	4	0	0	0	0	0	0	0	0	0	0	0	0	2	0	0	0	0	0	0	0	0	0	0	0	0	0	0	0	24	0	0	4	4	0	0	0	0	0	0	16	0	0	0	0	0	0	0	0	4	0	0	0	0	0	4	0	0	0	0	0	0	0	0	0	0	0	0	0	0	0	0	0	0	0	0	0	0	0	0	0	0	0	0	0	0	0	0	0	0	0	0	0	0	0	0	0	0	0	0	4	0	0	0	0	0	0	0	0	0	0	0	0	0	0	0	0	0	0	0	0	0	0	0	0	0	0	0	4	0	0	0	0	0	0	0	0	0	0	0	0	0	0	0	0	0	0	0	0	1	0	0	0	1
CHEMBL727	Chemotherapy	-0.04	1	167.19	4	3	111.18	0	5	0	0	5	0	0	1	2	0	0	4	0	0	18	0	0	2	0	0	0	0	0	0	0	0	0	2	0	0	0	0	2	0	0	2	0	0	10	0	2	0	0	0	0	0	8	0	0	0	0	2	0	0	0	0	0	0	0	0	0	0	2	0	0	0	10	0	2	0	0	0	0	0	0	0	0	0	0	0	0	0	0	0	0	0	0	0	0	0	0	0	0	0	0	6	0	2	0	0	0	0	0	10	0	0	0	0	0	0	0	0	0	0	0	0	0	2	0	0	16	0	2	0	0	0	0	0	0	0	0	0	0	0	0	0	0	0	0	0	0	0	0	0	0	0	0	0	0	0	0	0	0	0	0	0	0	0	0	6	0	2	0	0	0	0	0	4	0	0	0	0	2	0	0	0	0	0	0	0	0	0	0	0	0	0	0	0	0	0	0	0	0	0	0	0	0	0	0	0	0	0	0	0	0	0	0	0	0	0	0	0	2	0	0	0	2
CHEMBL1200624	Hormone	4.97	0	384.51	4	0	52.6	4	24	0	0	0	4	0	0	6	0	0	50	0	0	0	12	0	0	8	0	0	0	0	0	0	0	0	0	0	0	4	0	0	0	0	70	0	0	0	18	0	8	0	0	0	0	0	0	0	0	0	0	4	0	0	0	4	0	0	0	0	0	0	0	0	0	0	0	0	0	0	0	0	0	0	0	4	0	0	0	0	0	0	0	0	0	0	0	0	0	0	0	106	0	0	0	14	0	8	0	0	0	0	0	0	0	0	0	0	14	0	0	4	0	0	0	0	0	0	0	0	0	0	0	0	0	0	0	0	0	0	0	0	0	4	0	0	0	0	0	0	0	0	0	0	0	0	0	0	0	0	0	0	0	0	0	0	0	0	0	0	0	0	0	0	0	0	0	0	0	0	0	0	0	0	0	0	0	0	0	0	0	0	0	0	8	0	0	0	0	0	4	0	0	0	0	0	0	0	0	0	0	0	0	0	0	0	0	0	0	0	0	3	1	0	0	4
CHEMBL421	Anti-rheumatic	3.46	3	398.39	8	3	149.69	6	18	0	0	4	5	0	1	5	0	0	34	0	0	10	6	0	2	0	0	0	0	0	2	0	0	2	0	0	4	10	0	0	0	0	34	0	0	14	8	4	0	0	0	0	0	2	4	0	0	2	0	0	0	0	0	6	0	0	2	4	0	0	0	0	0	2	0	0	0	0	0	0	0	0	4	2	0	0	0	0	0	0	2	0	0	0	0	0	4	0	0	32	0	0	14	14	4	0	0	0	0	0	4	8	0	0	2	0	0	0	0	8	0	4	8	0	0	0	0	2	0	0	0	0	2	0	0	0	0	0	2	4	0	0	0	0	0	0	0	0	0	0	0	0	0	0	0	0	4	0	0	0	0	0	0	0	0	0	0	0	0	0	0	0	0	2	0	0	0	0	0	0	0	0	0	0	0	0	0	0	0	4	0	0	0	0	0	0	0	0	4	0	0	0	0	0	0	0	4	0	0	0	0	0	0	0	0	0	0	0	0	4	0	0	0	3
CHEMBL267894	Barbiturate	2.59	0	226.27	4	2	78.76	4	11	0	0	2	3	0	0	6	0	0	18	0	0	8	6	0	0	6	0	0	0	0	0	0	0	0	0	0	0	6	0	0	0	0	24	0	0	4	4	0	6	0	0	0	0	4	0	0	0	0	0	0	0	0	0	6	0	0	0	0	0	0	0	0	0	2	8	0	0	0	0	0	0	0	0	0	0	0	0	0	0	0	0	0	0	0	0	0	0	0	0	18	0	0	12	12	0	10	0	0	0	0	4	0	0	0	0	0	0	0	0	4	0	0	0	0	0	0	0	4	8	0	0	0	0	0	0	0	0	0	0	0	0	0	0	0	0	0	0	0	0	0	0	0	0	0	0	0	0	0	0	0	0	0	0	0	0	0	0	0	0	0	0	0	0	0	0	0	8	0	0	0	0	0	0	0	0	0	0	0	0	0	0	0	0	0	0	0	0	0	0	0	0	0	0	0	0	0	0	0	0	0	0	0	0	0	0	0	0	0	0	3	0	0	0	1
CHEMBL1200761	Chemotherapy	5.61	3	380.86	3	0	27.69	6	23	0	0	0	3	0	0	4	1	0	44	0	0	0	12	0	0	6	2	0	0	0	0	0	0	0	0	0	0	0	0	0	2	0	56	0	0	0	12	0	0	4	0	0	0	0	0	0	0	0	0	6	0	0	0	0	0	0	0	0	0	0	2	0	0	0	0	0	0	0	0	0	0	0	0	0	0	0	6	0	0	0	0	0	0	0	0	0	0	0	0	72	0	0	0	12	0	0	8	0	0	0	0	0	0	0	0	0	12	0	0	0	0	0	0	0	0	4	0	0	0	0	0	0	0	0	0	0	0	0	0	0	0	0	0	0	6	0	0	0	0	0	0	0	0	0	0	0	0	0	0	0	0	0	0	0	0	0	0	0	0	0	0	0	0	0	0	0	0	0	0	0	0	0	0	0	0	0	0	0	0	0	0	0	0	0	0	0	0	0	0	0	0	0	0	0	0	0	0	0	0	0	0	0	0	0	0	0	0	0	0	1	0	0	0	3
CHEMBL1201239	Contrast-agent	1.44	1	627.94	4	3	95.5	4	12	0	3	2	4	0	0	9	0	0	20	0	6	8	8	0	0	4	0	0	0	6	0	0	0	0	0	0	0	8	0	0	0	0	20	0	12	10	8	0	4	0	0	0	6	4	0	0	0	0	0	0	0	0	0	8	0	0	0	0	0	0	0	0	0	0	4	0	0	0	0	0	0	0	0	2	0	0	0	0	0	0	0	0	0	0	0	0	0	0	0	20	0	20	8	8	0	0	0	0	0	12	10	0	0	0	0	0	0	0	0	8	0	0	0	0	0	0	0	0	4	0	0	0	0	0	0	0	0	0	0	0	0	0	0	0	0	0	0	0	0	0	0	0	0	0	0	0	0	0	0	0	0	0	0	4	0	0	0	0	0	4	0	0	0	0	0	0	4	0	0	0	0	0	0	0	0	0	0	0	0	0	0	0	4	0	0	0	0	0	4	0	0	0	0	0	0	0	0	0	0	0	0	0	0	0	0	0	0	0	0	3	0	0	0	1
CHEMBL13280	Benzodiazepine	2.61	2	313.28	4	0	78.49	2	16	1	0	3	3	0	0	5	0	0	30	2	0	12	2	0	0	2	0	0	2	0	0	4	0	0	0	0	0	6	0	0	0	0	34	4	0	16	2	0	0	0	0	2	0	8	0	4	0	0	0	0	0	0	0	2	0	0	0	0	0	0	0	0	0	0	2	0	2	0	0	4	0	0	0	0	0	0	0	2	0	0	0	0	0	0	0	0	0	0	0	40	6	0	18	0	0	0	0	0	4	0	18	0	8	0	0	0	0	0	0	2	0	0	0	0	0	0	0	0	4	0	4	0	0	0	0	4	0	0	0	0	0	0	0	0	0	0	0	0	0	0	0	0	0	0	0	0	0	0	0	0	0	0	0	0	0	0	2	2	0	0	0	0	0	0	0	0	2	0	0	0	0	0	0	0	0	0	0	0	0	0	0	0	0	0	0	0	0	0	0	0	4	0	0	0	0	0	0	0	0	0	0	0	0	0	0	0	0	0	0	3	0	2	0	3
CHEMBL505	Antihistamine	3.7	2	274.79	2	0	16.13	5	16	0	0	2	0	0	0	3	1	0	28	0	0	10	0	0	0	4	2	0	0	0	0	0	0	0	0	0	0	0	0	0	2	0	32	0	0	8	0	0	0	4	0	0	0	8	0	0	0	0	0	0	0	0	0	0	0	0	0	0	0	0	2	0	0	0	0	0	4	0	0	0	0	0	0	0	0	0	0	0	0	0	0	0	0	0	0	0	0	0	0	38	0	0	10	0	0	0	4	0	0	0	10	0	0	0	0	0	0	0	0	0	0	0	0	0	0	4	0	0	0	0	8	0	0	0	0	0	0	0	0	0	0	0	0	0	0	0	0	0	0	0	0	0	0	0	0	0	0	0	0	0	0	0	0	0	0	0	0	0	0	0	0	0	0	0	0	0	0	0	0	0	0	0	0	0	0	0	0	0	0	0	0	0	0	0	0	0	0	0	0	0	0	0	0	0	0	0	0	0	0	0	0	0	0	0	0	0	0	0	0	0	0	0	0	2
CHEMBL580	Benzodiazepine	3.51	2	321.16	3	2	61.69	1	15	0	0	2	2	0	0	4	2	0	30	0	0	8	4	0	0	0	4	0	0	0	0	0	0	0	0	0	0	4	0	0	4	0	34	0	0	12	4	0	0	8	0	0	0	4	0	0	0	0	0	0	0	0	0	4	0	0	0	0	0	0	4	0	0	0	4	0	0	0	0	0	0	0	0	0	0	0	0	0	0	0	0	0	0	0	0	0	0	0	0	40	0	0	14	0	0	0	10	0	0	0	12	0	0	0	0	0	0	0	0	4	0	0	0	0	0	8	0	0	4	0	0	0	0	0	0	0	0	0	0	0	0	0	0	0	0	0	0	0	0	0	0	0	0	0	0	0	0	0	0	0	0	0	0	0	0	0	2	4	0	0	0	0	0	0	0	0	4	0	0	0	0	0	0	0	0	0	0	0	0	0	2	0	0	0	0	0	0	0	0	0	0	0	0	0	0	0	0	0	0	0	0	0	0	0	0	0	0	0	0	2	0	0	0	3
CHEMBL452	Benzodiazepine	2.86	2	315.71	4	1	87.28	2	15	0	0	3	3	0	0	4	1	0	30	0	0	10	2	0	0	0	2	0	0	0	0	4	0	0	0	0	0	6	0	0	2	0	34	0	0	16	2	0	0	4	0	0	0	4	0	4	0	0	0	0	0	0	0	2	0	0	0	0	0	0	2	0	0	0	2	0	0	0	0	4	0	0	0	0	0	0	0	2	0	0	0	0	0	0	0	0	0	0	0	40	0	0	18	0	0	0	6	0	0	0	12	0	8	0	0	0	0	0	0	2	0	0	0	0	0	4	0	0	2	0	0	0	0	0	0	4	0	0	0	0	0	0	0	0	0	0	0	0	0	0	0	0	0	0	0	0	0	0	0	0	0	0	0	0	0	0	2	2	0	0	0	0	0	0	0	0	2	0	0	0	0	0	0	0	0	0	0	0	0	0	0	0	0	0	0	0	0	0	0	0	4	0	0	0	0	0	0	0	0	0	0	0	0	0	0	0	0	0	0	3	0	2	0	3
CHEMBL573	Vitamin	0.31	1	123.11	3	1	50.19	1	6	0	0	1	2	0	0	2	0	0	10	0	0	4	4	0	0	0	0	0	0	0	0	0	0	0	0	0	0	4	0	0	0	0	10	0	0	4	4	0	0	0	0	0	0	2	0	0	0	0	0	0	0	0	0	4	0	0	0	0	0	0	0	0	0	0	0	0	0	0	0	0	0	0	0	2	0	0	0	0	0	0	0	0	0	0	0	0	0	0	0	6	0	0	6	8	0	0	0	0	0	0	4	0	0	0	0	0	0	0	0	4	0	0	0	0	0	0	0	0	0	0	0	0	0	0	0	0	0	0	0	0	0	0	0	0	0	0	0	0	0	0	0	0	0	0	0	0	0	0	0	0	0	0	0	0	0	0	0	0	0	0	0	0	0	0	0	0	0	0	0	0	0	0	0	0	0	0	0	0	0	0	0	0	0	0	0	0	0	0	4	0	0	0	0	0	0	0	0	0	0	0	0	0	0	0	0	0	0	0	0	1	0	0	0	1
CHEMBL70	Opiate	1.41	1	285.34	4	2	52.93	0	17	0	0	1	3	0	0	3	0	0	36	0	0	6	8	0	0	2	0	0	0	0	0	0	0	0	0	0	0	4	0	0	0	0	52	0	0	6	16	0	0	0	0	0	0	6	0	0	0	0	0	2	0	0	0	4	0	0	0	0	0	0	0	0	0	0	0	0	2	0	0	0	0	0	0	0	0	0	0	0	0	0	0	0	0	0	0	0	0	0	0	78	0	0	8	22	0	0	0	0	0	0	12	0	0	0	0	0	8	0	0	8	0	0	0	0	0	0	0	0	0	0	4	0	0	0	0	0	0	0	0	0	0	0	0	0	0	0	0	0	0	0	0	0	0	0	0	0	0	0	0	0	0	0	0	0	0	0	0	0	0	0	0	0	0	0	0	0	0	0	0	0	0	0	0	0	0	0	0	0	0	0	4	0	0	0	0	0	0	0	0	0	0	0	0	0	0	0	0	0	0	0	0	0	0	0	0	0	0	0	0	1	0	0	0	5
CHEMBL1243	Antibacterial	1.44	2	276.31	4	2	97.64	3	13	0	0	2	3	0	1	4	0	0	26	0	0	4	2	0	2	0	0	0	0	0	0	0	0	2	2	0	4	6	0	0	0	0	28	0	0	6	2	4	0	0	0	0	0	0	0	0	0	2	2	0	0	0	0	2	0	0	2	4	0	0	0	0	0	0	2	0	0	0	0	0	0	0	4	0	0	0	0	0	0	0	2	0	0	0	0	0	4	0	0	28	0	0	8	4	4	0	0	0	0	0	0	0	0	0	2	4	0	0	0	2	0	4	8	0	0	0	0	0	0	0	0	0	0	0	0	0	0	0	2	4	0	0	0	0	0	0	0	0	0	0	0	0	0	0	0	0	4	0	0	0	0	0	0	0	0	0	0	0	0	0	0	0	0	0	0	0	2	0	0	0	0	0	0	0	0	0	0	0	0	4	0	0	0	0	0	2	0	0	0	0	0	0	0	0	0	0	4	0	0	0	0	0	0	0	0	0	0	0	0	3	0	0	0	2
CHEMBL437	Antibacterial	0.57	2	255.32	4	2	121.69	3	9	0	0	3	2	0	2	3	0	0	14	0	0	8	0	0	6	0	0	0	0	0	0	0	0	2	2	0	4	4	0	0	0	0	12	0	0	6	0	6	0	0	0	0	0	2	0	0	0	2	2	0	0	0	0	0	0	2	2	4	0	0	0	0	0	2	0	4	0	0	0	0	0	0	4	0	0	0	0	0	0	0	2	0	0	0	0	0	4	0	0	12	0	0	4	0	4	0	0	0	0	0	2	0	0	0	0	4	0	0	0	0	2	4	8	0	0	0	0	2	0	2	0	0	0	0	0	0	0	0	2	4	0	0	0	0	0	0	0	0	0	0	0	4	0	0	0	0	4	0	0	0	0	0	0	0	0	0	0	0	2	0	0	0	0	2	0	0	0	0	0	0	0	0	0	0	0	0	0	0	0	4	0	0	0	0	0	0	0	0	0	0	0	0	0	0	0	0	4	0	0	0	2	0	0	0	0	0	0	0	0	2	0	0	0	2
CHEMBL40	Barbiturate	1.32	1	232.24	3	2	75.27	2	12	0	0	2	3	0	0	4	0	0	22	0	0	8	6	0	0	2	0	0	0	0	0	0	0	0	0	0	0	6	0	0	0	0	30	0	0	4	4	0	2	0	0	0	0	4	0	0	0	0	0	0	0	0	0	6	0	0	0	0	0	0	0	0	0	2	8	0	0	0	0	0	0	0	0	0	0	0	0	0	0	0	0	0	0	0	0	0	0	0	0	34	0	0	12	12	0	2	0	0	0	0	4	0	0	0	0	0	0	0	0	4	0	0	0	0	0	0	0	4	8	0	0	0	0	0	0	0	0	0	0	0	0	0	0	0	0	0	0	0	0	0	0	0	0	0	0	0	0	0	0	0	0	0	0	0	0	0	0	0	0	0	0	0	0	0	0	0	8	0	0	0	0	0	0	0	0	0	0	0	0	0	0	0	0	0	0	0	0	0	0	0	0	0	0	0	0	0	0	0	0	0	0	0	0	0	0	0	0	0	0	3	0	0	0	2
CHEMBL45029	Barbiturate	1.53	1	246.26	3	1	66.48	2	13	0	0	2	3	0	0	5	0	0	22	0	0	10	6	0	0	4	0	0	0	0	0	0	0	0	0	0	0	6	0	0	0	0	30	0	0	4	4	0	2	0	0	0	0	8	0	0	0	0	0	0	0	0	0	6	0	0	0	0	0	0	0	0	0	2	8	0	2	0	0	0	0	0	0	0	0	0	0	0	0	0	0	0	0	0	0	0	0	0	0	34	0	0	12	12	0	2	0	0	0	0	6	0	0	0	0	0	0	0	0	4	0	0	0	0	0	0	0	6	12	0	4	0	0	0	0	0	0	0	0	0	0	0	0	0	0	0	0	0	0	0	0	0	0	0	0	0	0	0	0	0	0	0	0	0	0	0	0	0	0	0	0	0	0	0	0	0	8	0	0	0	0	0	0	0	0	0	0	0	0	0	0	0	0	0	0	0	0	0	0	0	0	0	0	0	0	0	0	0	0	0	0	0	0	0	0	0	0	0	0	3	0	0	0	2
CHEMBL1055	Hypertension-medicine	1.38	2	338.77	4	3	117.87	2	14	0	0	2	4	0	1	6	1	0	30	0	0	4	4	0	2	0	2	0	0	0	0	0	0	2	2	0	4	8	0	0	2	0	38	0	0	6	6	4	0	4	0	0	0	2	0	0	0	0	0	0	0	0	0	4	0	0	2	4	0	0	2	0	0	0	4	0	0	0	0	0	0	0	4	0	0	0	0	0	0	0	2	0	0	0	0	2	4	0	0	46	0	0	12	12	4	0	4	0	0	0	6	0	0	0	0	0	0	0	0	6	0	4	8	0	0	4	0	0	4	0	0	0	0	0	0	0	0	0	0	0	0	0	0	0	0	0	0	0	0	0	0	0	0	0	0	2	4	0	0	0	0	0	0	0	0	0	0	0	0	0	0	0	0	0	0	0	4	0	0	0	0	0	0	0	0	0	0	0	0	4	0	0	0	0	0	0	0	0	0	0	0	0	0	0	0	4	4	0	0	2	0	0	0	0	0	0	0	0	0	3	0	0	0	3
CHEMBL1650	Hormone	1.62	0	402.48	6	1	97.74	4	23	0	0	0	6	0	0	8	0	0	50	0	0	0	14	0	0	6	0	0	0	0	0	0	0	0	0	0	0	10	0	0	0	0	76	0	0	0	24	0	6	0	0	0	0	0	0	0	0	0	0	2	0	0	0	10	0	0	0	0	0	0	0	0	0	0	0	0	0	0	0	0	0	0	0	2	0	0	0	0	0	0	0	0	0	0	0	0	0	0	0	116	0	0	0	26	0	12	0	0	0	0	0	0	0	0	0	0	4	0	0	20	0	0	0	0	0	0	0	0	0	0	0	0	0	0	0	0	0	0	0	0	0	2	0	0	0	0	0	0	0	0	0	0	0	0	0	0	0	0	0	0	0	0	0	0	0	0	0	0	0	0	0	0	0	0	0	0	0	0	0	0	0	0	0	0	0	0	0	0	0	0	4	0	4	0	0	0	0	0	2	0	0	0	0	0	0	0	0	0	0	0	0	0	0	0	0	0	0	0	0	5	0	0	0	4
CHEMBL575	Antibacterial	1.06	1	380.42	7	2	130.47	5	17	0	0	2	6	0	1	8	0	0	26	0	0	10	16	0	4	8	0	0	0	0	0	0	0	0	0	0	0	8	0	0	0	0	26	0	0	14	16	8	4	0	0	0	0	8	0	0	0	0	0	4	0	0	0	8	0	2	0	0	0	0	0	0	0	0	4	2	0	0	0	0	0	0	0	2	0	0	4	0	0	0	0	0	0	0	0	0	0	0	0	20	0	0	12	22	4	8	0	0	0	0	22	0	0	0	0	0	8	0	0	8	8	0	0	0	0	0	0	0	6	4	0	0	0	0	0	0	0	0	0	0	0	0	0	0	4	0	0	0	0	0	0	2	0	0	0	0	0	0	0	0	0	0	0	0	0	0	4	6	4	0	0	0	0	0	0	0	4	0	0	0	0	0	0	0	0	0	0	0	0	0	0	0	0	0	0	0	0	0	4	0	0	0	0	0	0	0	0	0	4	0	0	0	0	0	0	0	0	0	0	3	0	0	0	3
CHEMBL1730	Antibacterial	-0.91	1	455.47	11	3	227.04	8	16	0	0	5	7	0	2	8	0	0	20	0	0	18	16	0	8	4	0	0	0	0	0	2	0	0	2	0	0	10	0	0	0	0	14	0	0	22	14	6	2	0	0	0	0	10	0	2	0	0	2	2	2	0	0	10	0	4	0	0	0	0	0	0	0	2	4	6	0	0	0	0	0	0	0	4	0	0	2	0	0	0	0	0	0	0	0	0	0	0	0	6	0	0	14	12	8	0	0	0	0	0	26	0	4	0	0	0	4	0	0	10	6	0	0	0	0	0	0	2	6	6	0	0	0	0	2	0	0	0	0	0	0	2	0	0	0	0	0	0	0	0	0	6	0	0	0	0	0	0	0	0	0	0	0	0	0	0	8	8	4	0	0	0	0	0	2	0	4	0	0	0	0	0	0	0	0	2	0	0	0	0	0	0	4	0	0	0	0	0	6	0	0	0	0	0	0	0	0	0	0	0	0	2	0	0	0	0	0	0	0	6	0	0	0	3
CHEMBL867	Contrast-agent	3.86	1	570.93	3	2	63.32	4	11	0	3	1	2	0	0	7	0	0	22	0	6	2	4	0	0	2	0	0	0	6	0	0	0	0	2	0	0	4	0	0	0	0	26	0	12	4	4	0	2	0	0	0	6	0	0	0	0	0	2	0	0	0	0	4	0	0	0	0	0	0	0	0	0	0	0	0	0	0	0	0	0	0	0	2	0	0	0	0	0	0	0	0	0	0	0	0	0	0	0	28	0	16	4	8	0	2	0	0	0	12	0	0	0	0	0	4	0	0	0	4	0	0	0	0	0	0	0	0	0	0	0	0	0	0	0	0	0	0	0	0	0	0	0	0	0	0	0	0	0	0	0	0	0	0	0	0	0	0	0	0	0	0	0	4	0	0	0	0	0	0	0	0	0	0	0	0	0	0	0	0	0	0	0	0	0	0	0	0	0	0	0	0	0	0	0	0	0	0	4	0	0	0	0	0	0	0	0	0	0	0	0	0	0	0	0	0	0	0	0	1	0	0	0	1
CHEMBL485	Opiate	1.64	1	299.36	4	1	41.93	1	18	0	0	1	3	0	0	3	0	0	36	0	0	6	10	0	0	4	0	0	0	0	0	0	0	0	0	0	0	2	0	0	0	0	52	0	0	6	16	0	0	0	0	0	0	6	0	0	0	0	0	4	0	0	0	2	0	0	0	0	0	0	0	0	0	0	0	0	2	0	0	0	0	0	0	0	0	0	2	0	0	0	0	0	0	0	0	0	0	0	0	78	0	0	8	22	0	0	0	0	0	0	12	0	0	0	0	0	12	0	0	4	0	0	0	0	0	0	0	0	0	0	4	0	0	0	0	0	0	0	0	0	0	0	0	0	2	0	0	0	0	0	0	0	0	0	0	0	0	0	0	0	0	0	0	0	0	0	0	0	0	0	0	0	0	0	0	0	0	0	0	0	0	0	0	0	0	0	0	0	0	0	4	0	0	0	0	0	0	0	0	0	0	0	0	0	0	0	0	0	0	0	0	0	0	0	0	0	0	0	0	1	0	0	0	5
CHEMBL1201300	Contrast-agent	1.52	1	613.91	4	3	95.5	3	11	0	3	2	4	0	0	9	0	0	18	0	6	8	8	0	0	4	0	0	0	6	0	0	0	0	0	0	0	8	0	0	0	0	20	0	12	8	8	0	2	0	0	0	6	4	0	0	0	0	0	0	0	0	0	8	0	0	0	0	0	0	0	0	0	0	4	0	2	0	0	0	0	0	0	2	0	0	0	0	0	0	0	0	0	0	0	0	0	0	0	20	0	20	8	12	0	0	0	0	0	12	8	0	0	0	0	0	0	0	0	8	0	0	0	0	0	0	0	0	4	0	2	0	0	0	0	0	0	0	0	0	0	0	0	0	0	0	0	0	0	0	0	0	0	0	0	0	0	0	0	0	0	0	0	4	0	0	0	0	0	2	0	0	0	0	0	0	4	0	0	0	0	0	0	0	0	0	0	0	0	0	0	0	2	0	0	0	0	0	4	0	0	0	0	0	0	0	0	0	0	0	0	0	0	0	0	0	0	0	0	3	0	0	0	1
CHEMBL453	Antibacterial	0.92	2	267.3	4	2	106.6	3	11	0	0	3	3	0	1	5	0	0	20	0	0	6	2	0	2	4	0	0	0	0	0	2	0	2	2	0	4	4	0	0	0	0	20	0	0	10	2	4	4	0	0	0	0	0	0	2	0	2	2	0	2	0	0	0	0	0	2	4	0	0	0	0	0	0	2	0	0	0	0	0	0	0	4	0	0	0	0	0	0	0	2	0	0	0	0	0	4	0	0	16	0	0	12	4	4	6	0	0	0	0	0	0	4	0	2	4	0	2	0	0	0	4	8	0	0	0	0	0	0	0	0	0	0	0	2	0	0	0	2	4	0	0	0	0	0	0	0	0	0	0	0	0	0	0	0	0	4	0	0	0	0	0	0	0	0	0	0	0	0	2	0	0	0	0	0	2	0	0	0	0	0	0	0	0	0	0	0	0	0	4	0	0	0	0	0	2	0	0	0	0	0	0	0	0	0	0	4	0	0	0	0	0	0	0	0	0	0	0	0	2	0	0	0	2
CHEMBL130	Antibacterial	1.03	1	323.13	5	3	115.38	6	11	0	0	2	5	0	0	7	2	0	20	0	0	6	6	0	0	0	4	0	0	0	0	4	0	0	0	0	0	10	0	0	4	0	20	0	0	10	8	0	0	4	0	0	0	2	0	4	0	0	0	0	0	0	0	6	0	0	0	0	0	0	4	0	0	0	2	0	0	0	0	4	0	0	0	0	0	0	0	2	0	0	0	0	0	0	0	0	0	0	2	22	0	0	6	8	0	0	0	0	0	0	6	0	8	0	0	0	0	0	0	8	0	0	0	0	0	4	0	0	2	0	0	0	0	0	0	4	0	0	0	0	0	0	0	0	0	0	0	0	0	0	0	0	0	0	0	0	0	0	0	0	0	0	0	0	0	0	0	4	0	0	4	0	0	0	0	0	2	0	0	0	0	0	0	0	0	0	0	0	0	0	0	0	0	4	0	0	0	0	0	0	4	0	0	0	0	0	0	0	0	0	0	0	0	0	0	0	0	4	0	2	0	2	0	1
CHEMBL447	Barbiturate	1.97	0	238.28	3	2	75.27	5	12	0	0	2	3	0	0	6	0	0	20	0	0	8	6	0	0	6	0	0	0	0	0	0	0	0	0	0	0	6	0	0	0	0	26	0	0	4	4	0	6	0	0	0	0	4	0	0	0	0	0	0	0	0	0	6	0	0	0	0	0	0	0	0	0	2	8	0	0	0	0	0	0	0	0	0	0	0	0	0	0	0	0	0	0	0	0	0	0	0	0	26	0	0	12	12	0	8	0	0	0	0	4	0	0	0	0	0	0	0	0	4	0	0	0	0	0	0	0	4	8	0	0	0	0	0	0	0	0	0	0	0	0	0	0	0	0	0	0	0	0	0	0	0	0	0	0	0	0	0	0	0	0	0	0	0	0	0	0	0	0	0	0	0	0	0	0	0	8	0	0	0	0	0	0	0	0	0	0	0	0	0	0	0	0	0	0	0	0	0	0	0	0	0	0	0	0	0	0	0	0	0	0	0	0	0	0	0	0	0	0	4	0	0	0	1
CHEMBL498	Diabetes drug	2.06	1	276.74	3	2	83.65	4	10	0	0	2	3	0	1	5	1	0	16	0	0	6	2	0	2	2	2	0	0	0	0	0	0	2	0	0	4	6	0	0	2	0	14	0	0	2	0	4	2	4	0	0	0	2	0	0	0	2	0	0	0	0	0	2	0	0	2	4	0	0	2	0	0	2	4	0	0	0	0	0	0	0	4	0	0	0	0	0	0	0	2	0	0	0	0	0	4	0	0	12	0	0	2	0	4	2	4	0	0	0	2	0	0	0	0	0	0	0	0	0	0	4	8	0	0	4	0	2	2	0	0	0	0	0	0	0	0	0	2	4	0	0	0	0	0	0	0	0	0	0	0	0	0	0	0	0	4	0	0	0	0	0	0	0	0	0	0	0	0	0	0	0	0	2	0	0	4	0	0	0	0	0	0	0	0	0	0	0	0	4	0	0	0	0	0	2	0	0	0	0	0	0	0	0	0	0	4	0	0	0	0	0	0	0	0	0	0	0	0	3	0	0	0	1
CHEMBL459324	Opiate	1.8	1	369.41	6	0	65.06	4	21	0	0	1	5	0	0	5	0	0	40	0	0	6	16	0	0	6	0	0	0	0	0	0	0	0	0	0	0	4	0	0	0	0	52	0	0	6	24	0	4	0	0	0	0	6	0	0	0	0	0	6	0	0	0	4	0	0	0	0	0	0	0	0	0	0	0	0	2	0	0	0	0	0	0	4	0	0	0	0	0	0	0	0	0	0	0	0	0	0	0	78	0	0	8	22	0	0	0	0	0	0	12	0	0	0	0	0	20	0	0	4	0	0	0	0	0	0	0	0	0	0	4	0	0	0	0	0	0	0	0	0	0	4	0	0	0	0	0	0	0	0	0	0	0	0	0	0	0	0	0	0	0	0	0	0	0	0	0	0	0	0	0	0	0	0	0	0	0	0	0	0	0	0	0	0	0	0	0	0	0	0	4	0	8	0	0	0	0	0	4	0	0	0	0	0	0	0	0	0	0	0	0	0	0	0	0	0	0	0	0	3	0	0	0	5
CHEMBL12	Benzodiazepine	3.17	2	284.74	2	0	32.67	1	16	0	0	2	1	0	0	3	1	0	30	0	0	10	2	0	0	2	2	0	0	0	0	0	0	0	0	0	0	2	0	0	2	0	34	0	0	12	2	0	0	4	0	0	0	8	0	0	0	0	0	0	0	0	0	2	0	0	0	0	0	0	2	0	0	0	2	0	2	0	0	0	0	0	0	0	0	0	0	0	0	0	0	0	0	0	0	0	0	0	0	40	0	0	14	0	0	0	4	0	0	0	18	0	0	0	0	0	0	0	0	2	0	0	0	0	0	4	0	0	4	0	4	0	0	0	0	0	0	0	0	0	0	0	0	0	0	0	0	0	0	0	0	0	0	0	0	0	0	0	0	0	0	0	0	0	0	0	2	2	0	0	0	0	0	0	0	0	2	0	0	0	0	0	0	0	0	0	0	0	0	0	0	0	0	0	0	0	0	0	0	0	0	0	0	0	0	0	0	0	0	0	0	0	0	0	0	0	0	0	0	2	0	0	0	3
CHEMBL1200770	Contrast-agent	2.34	1	613.96	4	2	83.63	4	12	0	3	2	3	0	0	9	0	0	20	0	6	8	6	0	0	4	0	0	0	6	0	0	0	0	2	0	0	6	0	0	0	0	18	0	12	12	6	0	4	0	0	0	6	6	0	0	0	0	2	0	0	0	0	6	0	0	0	0	0	0	0	0	0	0	2	0	0	0	0	0	0	0	0	2	0	0	0	0	0	0	0	0	0	0	0	0	0	0	0	12	0	12	12	8	0	4	0	0	0	12	16	0	0	0	0	4	0	0	0	6	0	0	0	0	0	0	0	0	4	0	0	0	0	0	0	0	0	0	0	0	0	0	0	0	0	0	0	0	0	0	0	0	0	0	0	0	0	0	0	0	0	0	0	8	0	0	0	0	0	2	0	0	0	0	0	0	2	0	0	0	0	0	0	0	0	0	0	0	0	0	0	0	2	0	0	0	0	0	4	0	0	0	0	0	0	0	0	0	0	0	0	0	0	0	0	0	0	0	0	2	0	0	0	1
CHEMBL1201243	Contrast-agent	3.19	1	597.96	4	1	52.9	5	12	0	3	2	2	0	0	7	0	0	18	0	6	10	4	0	0	4	0	0	0	6	0	0	0	0	0	0	0	4	0	0	0	0	20	0	12	4	4	0	0	0	0	0	6	8	0	0	0	0	0	0	0	0	0	4	0	0	0	0	0	0	0	0	0	2	0	0	4	0	0	0	0	0	0	2	0	0	0	0	0	0	0	0	0	0	0	0	0	0	0	22	0	16	4	4	0	0	0	0	0	12	4	0	0	0	0	0	0	0	0	4	0	0	0	0	0	0	0	6	0	0	8	0	0	0	0	0	0	0	0	0	0	0	0	0	0	0	0	0	0	0	0	0	0	0	0	0	0	0	0	0	0	0	0	4	0	0	0	0	0	0	0	0	0	0	0	0	0	0	0	0	0	0	0	0	0	0	0	0	0	0	0	0	0	0	0	0	0	0	4	0	0	0	0	0	0	0	0	0	0	0	0	0	0	0	0	0	0	0	0	2	0	0	0	1
CHEMBL135	Hormone	3.84	1	272.38	2	2	40.46	0	18	0	0	0	2	0	0	3	0	0	42	0	0	0	4	0	0	2	0	0	0	0	0	0	0	0	0	0	0	4	0	0	0	0	64	0	0	0	8	0	2	0	0	0	0	0	0	0	0	0	0	0	0	0	0	4	0	0	0	0	0	0	0	0	0	0	0	0	0	0	0	0	0	0	0	0	0	0	0	0	0	0	0	0	0	0	0	0	0	0	0	94	0	0	0	12	0	6	0	0	0	0	0	0	0	0	0	0	0	0	0	8	0	0	0	0	0	0	0	0	0	0	0	0	0	0	0	0	0	0	0	0	0	0	0	0	0	0	0	0	0	0	0	0	0	0	0	0	0	0	0	0	0	0	0	0	0	0	0	0	0	0	0	0	0	0	0	0	0	0	0	0	0	0	0	0	0	0	0	0	0	0	0	0	0	0	0	0	0	0	0	0	0	0	0	0	0	0	0	0	0	0	0	0	0	0	0	0	0	0	0	0	0	0	0	4
CHEMBL241694	Hormone	4.52	0	312.45	2	1	37.29	0	21	0	0	0	2	0	0	5	0	0	48	0	0	0	4	0	0	6	0	0	0	0	0	0	0	0	0	0	0	4	0	0	0	0	76	0	0	0	10	0	6	0	0	0	0	0	0	0	0	0	0	0	0	0	0	4	0	0	0	0	0	0	0	0	0	0	0	0	0	0	0	0	0	0	0	0	0	0	0	0	0	0	0	0	0	0	0	0	0	0	0	116	0	0	0	14	0	14	0	0	0	0	0	0	0	0	0	0	0	0	0	10	0	0	0	0	0	0	0	0	0	0	0	0	0	0	0	0	0	0	0	0	0	0	0	0	0	0	0	0	0	0	0	0	0	0	0	0	0	0	0	0	0	0	0	0	0	0	0	0	0	0	0	0	0	0	0	0	0	0	0	0	0	0	0	0	0	0	0	0	0	0	0	0	0	0	0	0	0	0	0	0	0	0	0	0	0	0	0	0	0	0	0	0	0	0	0	0	0	0	0	2	1	0	0	4
CHEMBL398707	Opiate	1.72	1	285.34	4	1	49.77	0	17	0	0	1	3	0	0	3	0	0	36	0	0	6	8	0	0	2	0	0	0	0	0	0	0	0	0	0	0	4	0	0	0	0	52	0	0	6	16	0	0	0	0	0	0	6	0	0	0	0	0	2	0	0	0	4	0	0	0	0	0	0	0	0	0	0	0	0	2	0	0	0	0	0	0	0	0	0	0	0	0	0	0	0	0	0	0	0	0	0	0	78	0	0	8	22	0	0	0	0	0	0	12	0	0	0	0	0	8	0	0	8	0	0	0	0	0	0	0	0	0	0	4	0	0	0	0	0	0	0	0	0	0	0	0	0	0	0	0	0	0	0	0	0	0	0	0	0	0	0	0	0	0	0	0	0	0	0	0	0	0	0	0	0	0	0	0	0	0	0	0	0	0	0	0	0	0	0	0	0	0	0	4	0	0	0	0	0	0	0	0	0	0	0	0	0	0	0	0	0	0	0	0	0	0	0	0	0	0	0	0	1	0	0	0	5
CHEMBL443	Antibacterial	0.71	2	253.28	4	2	106.6	3	10	0	0	3	3	0	1	4	0	0	18	0	0	6	2	0	2	2	0	0	0	0	0	2	0	2	2	0	4	4	0	0	0	0	16	0	0	8	4	4	2	0	0	0	0	0	0	2	0	2	2	0	2	0	0	0	0	0	2	4	0	0	0	0	0	2	0	0	0	0	0	0	0	0	4	0	0	0	0	0	0	0	2	0	0	0	0	0	4	0	0	14	0	0	8	2	4	2	0	0	0	0	0	0	2	0	2	4	0	4	0	0	0	4	8	0	0	0	0	0	0	0	0	0	0	0	2	0	0	0	2	4	0	0	0	0	0	0	0	0	0	0	0	0	0	0	0	0	4	0	0	0	0	0	0	0	0	0	0	0	0	0	0	0	2	2	0	0	0	0	0	0	0	0	0	0	0	0	0	0	0	4	0	0	2	0	0	0	0	0	0	0	0	0	0	0	0	0	4	0	0	0	0	0	0	0	0	0	0	0	0	2	0	0	0	2
CHEMBL455	Antibacterial	-0.22	1	214.24	4	2	97.64	2	8	0	0	2	3	0	1	5	0	0	14	0	0	4	2	0	2	2	0	0	0	0	0	0	0	2	2	0	4	6	0	0	0	0	12	0	0	6	2	4	2	0	0	0	0	0	0	0	0	2	2	0	0	0	0	2	0	0	2	4	0	0	0	0	0	0	2	0	0	0	0	0	0	0	4	0	0	0	0	0	0	0	2	0	0	0	0	0	4	0	0	12	0	0	4	0	4	0	0	0	0	0	0	0	0	0	2	4	0	0	0	2	0	4	8	0	0	0	0	0	0	0	0	0	0	0	0	0	0	0	2	4	0	0	0	0	0	0	0	0	0	0	0	0	0	0	0	0	4	0	0	0	0	0	0	0	0	0	0	0	0	2	0	0	0	0	0	0	2	0	0	0	0	0	0	0	0	0	0	0	0	4	0	0	2	0	0	2	0	0	0	0	0	0	0	0	0	0	4	0	0	0	0	0	0	0	0	0	0	0	0	3	0	0	0	1
CHEMBL568	Benzodiazepine	2.84	2	286.71	3	2	61.69	1	15	0	0	2	2	0	0	3	1	0	30	0	0	8	4	0	0	0	2	0	0	0	0	0	0	0	0	0	0	4	0	0	2	0	34	0	0	12	4	0	0	4	0	0	0	4	0	0	0	0	0	0	0	0	0	4	0	0	0	0	0	0	2	0	0	0	4	0	0	0	0	0	0	0	0	0	0	0	0	0	0	0	0	0	0	0	0	0	0	0	0	40	0	0	14	0	0	0	4	0	0	0	12	0	0	0	0	0	0	0	0	4	0	0	0	0	0	4	0	0	4	0	0	0	0	0	0	0	0	0	0	0	0	0	0	0	0	0	0	0	0	0	0	0	0	0	0	0	0	0	0	0	0	0	0	0	0	0	2	4	0	0	0	0	0	0	0	0	4	0	0	0	0	0	0	0	0	0	0	0	0	0	2	0	0	0	0	0	0	0	0	0	0	0	0	0	0	0	0	0	0	0	0	0	0	0	0	0	0	0	0	2	0	0	0	3
CHEMBL691	Hormone	4.89	1	296.4	2	2	40.46	0	20	0	0	0	2	0	0	4	0	0	46	0	0	0	4	0	0	4	0	0	0	0	0	0	0	0	0	0	0	4	0	0	0	0	70	0	0	0	10	0	4	0	0	0	0	0	0	0	0	0	0	0	0	0	0	4	0	0	0	0	0	0	0	0	0	0	0	0	0	0	0	0	0	0	0	0	0	0	0	0	0	0	0	0	0	0	0	0	0	0	0	106	0	0	0	14	0	8	0	0	0	0	0	0	0	0	0	0	0	0	0	10	0	0	0	0	0	0	0	0	0	0	0	0	0	0	0	0	0	0	0	0	0	0	0	0	0	0	0	0	0	0	0	0	0	0	0	0	0	0	0	0	0	0	0	0	0	0	0	0	0	0	0	0	0	0	0	0	0	0	0	0	0	0	0	0	0	0	0	0	0	0	0	0	0	0	0	0	0	0	0	0	0	0	0	0	0	0	0	0	0	0	0	0	0	0	0	0	0	0	0	0	1	0	0	4
CHEMBL705	Retinoic	5.55	0	300.44	2	1	37.29	5	20	0	0	0	2	0	0	7	0	0	40	0	0	0	4	0	0	10	0	0	0	0	0	0	0	0	0	0	0	4	0	0	0	0	54	0	0	0	4	0	10	0	0	0	0	0	0	0	0	0	0	0	0	0	0	4	0	0	0	0	0	0	0	0	0	0	0	0	0	0	0	0	0	0	0	2	0	0	0	0	0	0	0	0	0	0	0	0	0	0	0	60	0	0	0	4	0	24	0	0	0	0	0	0	0	0	0	0	0	0	0	4	0	0	0	0	0	0	0	0	0	0	0	0	0	0	0	0	0	0	0	0	0	0	0	0	0	0	0	0	0	0	0	0	0	0	0	0	0	0	0	0	0	0	0	0	0	0	0	0	0	0	0	0	0	0	0	0	0	0	0	0	0	0	0	0	0	0	0	0	0	0	0	0	0	0	0	0	0	0	4	0	0	0	0	0	0	0	0	0	0	0	0	0	0	0	0	0	0	0	0	6	0	0	0	1
CHEMBL842	Hypertension-medicine	-0.18	1	295.72	5	2	135.44	1	7	0	0	3	4	0	2	6	1	0	12	0	0	6	0	0	4	0	2	0	0	0	0	0	0	4	2	0	8	8	0	0	2	0	12	0	0	4	0	8	0	4	0	0	0	2	0	0	0	2	0	0	0	0	0	0	0	0	4	8	0	0	2	0	0	2	0	0	0	0	0	0	0	0	8	0	0	0	0	0	0	0	4	0	0	0	0	2	8	0	0	12	0	0	4	0	8	0	4	0	0	0	4	0	0	0	0	0	0	0	0	0	0	8	16	0	0	4	0	2	0	0	0	0	0	0	0	0	0	0	2	4	0	0	0	0	0	0	0	0	0	0	0	0	0	0	0	2	8	0	0	0	0	0	0	0	0	0	0	0	2	0	0	0	0	2	0	0	0	0	0	0	0	0	0	0	0	0	0	0	0	8	0	0	0	0	0	0	0	0	0	0	0	0	0	0	0	4	8	0	0	2	0	0	0	0	0	0	0	0	0	5	0	0	0	2
CHEMBL86754	Contrast-agent	2.93	2	396.95	2	1	33.12	0	9	0	2	1	1	0	0	3	0	0	18	0	4	4	2	0	0	0	0	0	0	4	0	0	0	0	0	0	0	2	0	0	0	0	20	0	8	6	4	0	0	0	0	0	4	2	0	0	0	0	0	0	0	0	0	2	0	0	0	0	0	0	0	0	0	0	0	0	0	0	0	0	0	0	0	0	0	0	0	0	0	0	0	0	0	0	0	0	0	0	0	22	0	10	8	4	0	0	0	0	0	8	6	0	0	0	0	0	0	0	0	4	0	0	0	0	0	0	0	0	0	0	0	0	0	0	0	0	0	0	0	0	0	0	0	0	0	0	0	0	0	0	0	0	0	0	0	0	0	0	0	0	0	0	0	0	2	0	0	2	0	0	0	0	0	0	0	0	0	0	0	0	0	0	0	0	0	0	0	0	0	0	0	0	0	0	0	0	0	0	0	0	0	0	0	0	0	0	0	0	0	0	0	0	0	0	0	0	0	0	0	0	0	0	0	2
CHEMBL967	Benzodiazepine	3.05	2	300.74	3	1	52.9	1	16	0	0	2	2	0	0	4	1	0	30	0	0	10	4	0	0	2	2	0	0	0	0	0	0	0	0	0	0	4	0	0	2	0	34	0	0	12	4	0	0	4	0	0	0	8	0	0	0	0	0	0	0	0	0	4	0	0	0	0	0	0	2	0	0	0	4	0	2	0	0	0	0	0	0	0	0	0	0	0	0	0	0	0	0	0	0	0	0	0	0	40	0	0	14	0	0	0	4	0	0	0	18	0	0	0	0	0	0	0	0	4	0	0	0	0	0	4	0	0	6	0	4	0	0	0	0	0	0	0	0	0	0	0	0	0	0	0	0	0	0	0	0	0	0	0	0	0	0	0	0	0	0	0	0	0	0	0	2	4	0	0	0	0	0	0	0	0	4	0	0	0	0	0	0	0	0	0	0	0	0	0	2	0	0	0	0	0	0	0	0	0	0	0	0	0	0	0	0	0	0	0	0	0	0	0	0	0	0	0	0	2	0	0	0	3
